,Topic0,Topic1,Topic2,Topic3,Topic4,Topic5,Topic6,Topic7,Topic8,Topic9,Topic10,Length
0,0.012673891047977316,0.01267304488288128,0.87326310936328,0.012673834046466966,0.01267372501269759,0.012673088602017437,0.01267304487743815,0.012673895864676077,0.01267304487791176,0.012673044879752822,0.012676276544900564,341.0
1,0.014407389632305432,0.014407115889655762,0.8559214638167094,0.01440949434549185,0.014407935144133617,0.01440738022944551,0.014407115885558184,0.014408944367123146,0.014407115886684602,0.014407115886586141,0.014408928916306246,335.0
2,0.011484294221291652,0.011480838683465739,0.011482836618557424,0.01148214297700345,0.011482892249656821,0.011480900719578087,0.011480838679559213,0.73519724702589,0.01148083868044265,0.011480838680486435,0.16146633146406864,382.0
3,0.013693995119491535,0.013693852475748882,0.6245176310223466,0.01369732469708308,0.013695640843288599,0.013703501780361248,0.013693852467218654,0.013697782564151,0.013693852469912787,0.013693852470463251,0.25221871408993446,372.0
4,0.011252418696539476,0.011252046539013433,0.43691605015427415,0.011253114431512055,0.011253258302082552,0.01125290895615459,0.011252046532268897,0.011253749571040365,0.011252046533127695,0.011252046534456646,0.46181031374953024,449.0
5,0.00711551842531796,0.007111704356158731,0.9288718623785269,0.0071123734706614,0.007115018641577088,0.007111796805817092,0.007111704347411846,0.007112881418119356,0.007111704348344518,0.007111704348569708,0.007113731459495428,1913.0
6,0.00711551842531796,0.007111704356158731,0.9288718623785269,0.0071123734706614,0.007115018641577088,0.007111796805817092,0.007111704347411846,0.007112881418119356,0.007111704348344518,0.007111704348569708,0.007113731459495428,1915.0
7,0.012825510501809025,0.012817488759285456,0.012819514192563096,0.01281890275386592,0.8718109509603001,0.012817488593291024,0.012817488747700001,0.01281943590283618,0.01281748874981948,0.012817488751825052,0.012818242086704627,386.0
8,0.014622356311688916,0.01462079130752117,0.014621995911384338,0.014621352287159798,0.8537869025642075,0.014620791172970079,0.01462079130306662,0.014621937078813037,0.014620791303651648,0.014620791306179872,0.014621499453357015,481.0
9,0.009203918686902573,0.00920206664898317,0.90796630786116,0.009202707236103053,0.009202759956495849,0.009203115032040955,0.009202066644529957,0.009203359382317176,0.009202066644770699,0.009202066645082066,0.009209565261614478,802.0
10,0.00920477410638191,0.009204587677827333,0.009206316592538897,0.009205517198191581,0.009205858902082566,0.009204613492549847,0.009204587672550448,0.9079470446994639,0.009204587673162196,0.009204587673277071,0.009207524311974323,814.0
11,0.014010961594673101,0.014009358781481279,0.014012292709936362,0.014010631036912441,0.014010761080176518,0.01400989822002879,0.014009358773080982,0.7522981043687095,0.014009358774198098,0.014009358774733173,0.12160991588606979,857.0
12,0.015967644338622404,0.01596737974237448,0.015968982117162647,0.015968792822524887,0.015970786783501813,0.015969269989620442,0.01596737973798837,0.8403170809428028,0.015967379741005185,0.015967379740782786,0.015967924043614055,564.0
13,0.009072323661130872,0.009071053185401483,0.009072239801141547,0.00907171206540055,0.009072374370721167,0.009071078097573057,0.009071053181504722,0.9092842833157877,0.009071053182179992,0.009071053183123914,0.009071775956034945,888.0
14,0.0093594320632993,0.009357846733756106,0.009358746242906191,0.009358543905483099,0.009359675738060357,0.009357897654132079,0.009357846730236439,0.906415512538299,0.009357846730888547,0.009357846733003565,0.00935880492993531,1183.0
15,0.00945897965686698,0.009457908540801014,0.009458939478310637,0.00946006861451336,0.009458990744081087,0.009457952755861981,0.009457908536517689,0.905413821900636,0.009457908539639931,0.009457908537543486,0.009459612695227923,823.0
16,0.010138906046403112,0.010138729401966298,0.010139854046676016,0.010139561055828857,0.01013987393299374,0.010138920101787872,0.010138729397651975,0.8986080418655911,0.010138729398593385,0.010138729398721279,0.010139925353786182,935.0
17,0.01203403814704369,0.012033649011221309,0.01203458037818527,0.012034284299157164,0.012034896141415247,0.012035357098407504,0.012033649008012844,0.8796580502141335,0.012033649009017848,0.01203364900937437,0.012034197684031352,1143.0
18,0.011828622280626888,0.011827262348341793,0.01182996808942443,0.011828298613464808,0.01182884600737581,0.01182813575543573,0.011827262341488327,0.8817186202555799,0.011827262343138321,0.01182726234493742,0.011828459620186568,585.0
19,0.011059700357026124,0.011058892353003188,0.011059926811987246,0.011059596640546749,0.011060187273538961,0.011058946361626432,0.011058892347221775,0.8894040812695652,0.01105889234942851,0.011058892349044593,0.0110619918870113,685.0
20,0.22266282606586263,0.007436460574888647,0.34095394578631577,0.007437198661570046,0.00743739094488884,0.007436497061155741,0.007436460571431962,0.37688892870850055,0.007436460572074365,0.007436460573002821,0.007437370480308605,2330.0
21,0.29577818426815744,0.009400259903944158,0.009402245764659856,0.009401310161446802,0.009401070759333179,0.009400392216374055,0.009400259899580668,0.6196138869238245,0.00940025990005946,0.009400259901591648,0.009401870301028353,1210.0
22,0.013578232669792507,0.013573429847622954,0.4978585774264343,0.013574627680497922,0.013574478289963525,0.013573429657039563,0.013573429835590194,0.013574908511056203,0.013573429836136708,0.013573429838795942,0.3799720264070701,198.0
23,0.016125520968835478,0.016125260418743535,0.47057000184184344,0.01612652133264255,0.016160887114187342,0.016125259722730358,0.01612526040171713,0.016128141492621227,0.01612526040262053,0.01612526040283198,0.3842626259012264,149.0
24,0.011711766689486005,0.011710031299218748,0.8828886899247109,0.011710654351553607,0.011715261252884331,0.011710031148226139,0.011710031288110788,0.011711506884111175,0.01171003128852334,0.011710031289697284,0.01171196458347769,216.0
25,0.013601547009322533,0.013601412580633706,0.3028913954002107,0.013602657888033588,0.013603765430323407,0.013601576376531763,0.013601412573908058,0.013603688608088608,0.01360141257457154,0.013601412577297571,0.5746897189810786,391.0
26,0.2056348588095566,0.012500547982464291,0.6818466254066976,0.012501575090236005,0.01250651693480035,0.012502068211399025,0.012500547967076246,0.012502551754170609,0.012500547969596513,0.012500547968727085,0.012503611905275502,209.0
27,0.01471164883328778,0.014711328768063135,0.1685987738619255,0.01471287832921301,0.01471375175354508,0.014711328527150114,0.014711328760578747,0.01471383232998476,0.014711328761333773,0.014711328763573566,0.6989924713113446,446.0
28,0.011494355749262707,0.011493955634148786,0.011500523267748697,0.011494873445976704,0.4006110505350082,0.011494186008116193,0.011493955628353016,0.49593369082601524,0.011493955626532597,0.011493955625950928,0.011495497652886752,563.0
29,0.0087910454399342,0.008790851675989673,0.00879227878711911,0.00879175483093092,0.477881152183445,0.008791774975314663,0.008790851672150919,0.44299635580026175,0.008790851673260092,0.008790851673562016,0.008792231288031716,565.0
30,0.012325149251421998,0.012324212801160589,0.012326340460693525,0.012346183463594137,0.8767216595773552,0.012324211927485184,0.012324212796946442,0.012333915145826152,0.012324212799359548,0.012324212801289503,0.012325688974867717,449.0
31,0.013229261134155526,0.013227430268863393,0.5942318184891966,0.013228130039077824,0.013229211366142178,0.01322743005834148,0.013227430261601728,0.013228975966087261,0.013227430263501897,0.01322743026562621,0.28671545188740577,219.0
32,0.010004872774773157,0.010003928848939804,0.010005090275861479,0.010004743018881886,0.899955767204576,0.010004028507066269,0.010003928843274066,0.010005462175362599,0.01000392884426377,0.010003928846024026,0.01000432066097689,715.0
33,0.011120778177882238,0.01112035422736811,0.011123568524017857,0.011123726538086012,0.8887823251439002,0.011120588610206348,0.011120354212419624,0.011123631659935287,0.011120354214044188,0.011120354216769116,0.011123964475370951,752.0
34,0.10395752482617175,0.010235769449460266,0.8039154014416086,0.01023673080247469,0.010237734773888202,0.010235936867272056,0.010235769442450323,0.010237243888807635,0.010235769444155421,0.01023576944483777,0.010236349618873358,648.0
35,0.010772713117086174,0.010770846849000162,0.3281069509126256,0.010771594475901402,0.5716062021197025,0.014113251688715966,0.010770846846476499,0.01077293102639803,0.010770847166213739,0.010770846849599208,0.010772968948280792,1885.0
36,0.012114097976831611,0.012113450594948514,0.8788548061316047,0.012115665109748487,0.012115285737349674,0.01211550381795989,0.01211345059042455,0.012114853080157792,0.012113450592363715,0.01211345059345838,0.012115985775152608,323.0
37,0.015540108167463705,0.015536546343691225,0.8446218799290449,0.015538302874535144,0.015541610639147045,0.015536546002875042,0.015536546334725045,0.015538014877195604,0.015536546339281155,0.015536546337132036,0.015537352154909093,111.0
38,0.015625805532243048,0.015624328449035734,0.84374751940812,0.0156271894909575,0.015626197098539383,0.015624328170747806,0.015624328441452583,0.01562663784676026,0.015624328442860403,0.01562432844288887,0.015625008676394422,109.0
39,0.017298443461967815,0.017288036235307315,0.017292263234979052,0.01728928642945892,0.01728960792727943,0.017288035790621634,0.017288036204546595,0.827100665449179,0.017288036205631425,0.017288036208896424,0.01728955285213225,127.0
40,0.01570756053005075,0.015707357999450472,0.842921296909864,0.015708830481728168,0.015708907777506786,0.015707357804224085,0.015707357995023433,0.015708892668203814,0.015707357995914138,0.015707357997168877,0.01570772184086563,157.0
41,0.016185463468515054,0.016183173867359804,0.016185917028428337,0.016184357313731888,0.016185294857738824,0.016183173647380134,0.016183173855920396,0.8381593067379496,0.016183173859938012,0.016183173865419183,0.016183791497618852,172.0
42,0.013026431623214804,0.013025671516478703,0.8697344001923712,0.0130265264663163,0.01302713891961626,0.013026041733516543,0.01302567150868275,0.013027514194644377,0.013025671508550779,0.013025671513725247,0.013029260822883049,179.0
43,0.016899718579665695,0.01689917204489798,0.4823024382663611,0.01690045484824895,0.01690044585433047,0.016899320489106785,0.01689917203801277,0.36559728565027316,0.01689917203939043,0.016899172041852102,0.0169036481478606,185.0
44,0.46402261234208003,0.013777934029082155,0.4119531091559563,0.013778981754042553,0.013795463554751258,0.013777933691329155,0.013777934020973112,0.013780526917292514,0.01377793401901016,0.013777934022880826,0.013779636492601869,202.0
45,0.016598931825103896,0.01659858278172301,0.01660102956035746,0.016600651379838193,0.016601303704334235,0.4210281382954492,0.016598582774225393,0.42957561874022493,0.016598582782260014,0.016598582776978132,0.016599995379505572,333.0
46,0.012739294707709115,0.01273912639047257,0.8726027906727677,0.012740345677493903,0.012740189126066124,0.012739155457134659,0.01273912638738419,0.012741069751142507,0.012739126387970616,0.012739126390004936,0.012740649051853863,529.0
47,0.17622163470998958,0.013248167267677713,0.7045382692318632,0.0132490381436896,0.013249189753665036,0.013248167086081966,0.013248167259669237,0.013249958628629327,0.01324816726141202,0.013248167262981772,0.013251073394340436,234.0
48,0.014293162226047434,0.014291918914029521,0.014296469863916346,0.014293532946094409,0.014294342748573937,0.014291918653711974,0.014291918902649749,0.8570687419377044,0.014291918907120444,0.014291918902215404,0.01429415599793631,102.0
49,0.011000837443830463,0.010999044840499215,0.8900014017411098,0.011000171324240764,0.011000725601760472,0.010999471111855853,0.010999044834932753,0.011001675627444092,0.010999044835730139,0.010999044838226677,0.010999537800369955,426.0
50,0.011439111578791948,0.011435640308558748,0.8856283976017212,0.011437052801750188,0.01143742747593273,0.011436323688695122,0.011435640293436997,0.011437298312614938,0.011435640294302387,0.011435640295832092,0.011441827348363624,324.0
51,0.015198531960116902,0.015193674036840927,0.8480535375147841,0.015194357454173071,0.015194726279448336,0.015193673844941575,0.015193674028819467,0.015195385729752021,0.015193674029638433,0.015193674031976304,0.015195091089508958,222.0
52,0.01302553777503605,0.01302547218591165,0.013026412465182857,0.01302680478360287,0.013028078696767982,0.013034543440246965,0.013025472182161709,0.8697304858595406,0.013025472182636406,0.013025472183214684,0.013026248245698332,699.0
53,0.010748323807212043,0.010744460766800357,0.010746209244040569,0.010745302863556567,0.010746170084445925,0.010748000177932307,0.010744460759059656,0.8925408054406982,0.010744460758163972,0.010744460758697415,0.010747345339393222,442.0
54,0.23911496910342084,0.011825634731935408,0.6543674149370386,0.01182693773329556,0.011832185597716486,0.011901296482455765,0.011825634713665595,0.011827754164774083,0.011825634718253738,0.011825634715848988,0.011826903101594852,415.0
55,0.015001499787268668,0.014996152147413561,0.31311517490807445,0.014997139085415523,0.014998323810207144,0.01499628238167163,0.014996152137393245,0.014998976817354195,0.01499615214020976,0.014996152141958602,0.5519079946430332,165.0
56,0.017057872268112378,0.017057429737372794,0.8294158426054784,0.017059221370729034,0.017060106417459843,0.017057439744420783,0.017057429729082793,0.017059581895495207,0.01705742973003574,0.017057429737002017,0.01706021676481109,192.0
57,0.01307200688149862,0.013071235630624704,0.013073284015364521,0.013073473588393619,0.013072227495464413,0.013071524099661346,0.01307123562673777,0.8692805306609079,0.013071235627768466,0.013071235629971884,0.013072010743606737,312.0
58,0.010785602463553447,0.010785284502129386,0.010786221531382891,0.010786082446096211,0.010807713108065409,0.01078608738051924,0.01078528448495113,0.8921214047416599,0.010785284484060765,0.0107852844855205,0.01078575037206112,613.0
59,0.009471488393810536,0.009471135683491493,0.009473311358293286,0.009472027540849103,0.009471982029267353,0.009471643627900627,0.00947113567898167,0.9052812886367733,0.009471135680008654,0.009471135680888337,0.00947371568973579,574.0
60,0.013499593948911686,0.013496186461803205,0.5045294008228957,0.013499343195996199,0.013497597984977917,0.013498495479329731,0.013496186456907824,0.013498498324535623,0.013496186457328096,0.01349618645924658,0.37399232440806757,390.0
61,0.011120972158196862,0.011120652963336891,0.011121279487160851,0.011121367225030345,0.011122983770941076,0.011121115444514926,0.01112065295863723,0.8887884617979652,0.011120652959012692,0.011120652959476911,0.011121208275727176,580.0
62,0.013045621825589061,0.01303698935683933,0.013040581915872169,0.013037727440548845,0.013040161725848752,0.013036990208861109,0.013036989342307815,0.8696089510607252,0.013036989347069587,0.013036989345157951,0.013042008431180198,213.0
63,0.009745015760441062,0.009744954699905982,0.009745939030355793,0.009746720798819955,0.009745505482214431,0.009746583531777866,0.009744954698143704,0.9025450279924347,0.00974495469896716,0.009744954698973931,0.009745388607965276,689.0
64,0.00999597722441502,0.00999587825114172,0.009996725707141529,0.00999743741743183,0.00999663016345366,0.009996249525330495,0.009995878249423544,0.9000370655100977,0.009995878250370321,0.009995878250354313,0.009996401450839949,558.0
65,0.01630839708771367,0.016299275440335593,0.016301243741770215,0.3921423762302416,0.016300544440948406,0.01630114532653328,0.016299275431229665,0.46114835762384204,0.016299275432724174,0.01629927543382557,0.016300833810835684,637.0
66,0.01476944840043727,0.014769188082229401,0.014769935221615705,0.014769738944570534,0.8523052670978258,0.014769188069689155,0.014769188078636874,0.01476994811478009,0.014769188078958355,0.014769188079870564,0.01476972183138623,287.0
67,0.011100799729073641,0.011099754216903839,0.888994494033801,0.01110064656377244,0.011100772422036484,0.011100423478662396,0.01109975421252908,0.011102371133636529,0.011099754213340226,0.01109975421414135,0.011101475782103,2599.0
68,0.013633271235987543,0.013632954469723669,0.013637686377878792,0.01364171343028526,0.8635689115988432,0.013632991816146293,0.01363295450231724,0.013719950810596042,0.013632954524543791,0.0136329544846985,0.013633656748979608,427.0
69,0.013567303838371795,0.01356703488612551,0.013567767804801104,0.01356753192563647,0.864325326142131,0.013567034735156847,0.013567034881239103,0.013569413427547338,0.013567034881627572,0.013567034881396137,0.013567482595967295,627.0
70,0.015713409476595136,0.015708512281227653,0.8429009505810771,0.01570975672299784,0.01570923313343943,0.015708512100771174,0.015708512271797634,0.015709590421567502,0.015708512273443526,0.015708512273018442,0.015714498464064735,235.0
71,0.40372387973727997,0.009951874870541886,0.506696114045996,0.009953045722942009,0.009961139945075343,0.009951877466012086,0.00995187486226219,0.009953860811886569,0.00995187486288517,0.009951874865095104,0.009952582810023548,676.0
72,0.56009054350005,0.013376611003493728,0.31950982962282537,0.013377472758076782,0.013383813998549925,0.013376610780251713,0.013376610995673284,0.0133782854754287,0.013376610999385734,0.013376610998341058,0.01337699986792358,295.0
73,0.015483473634844425,0.01548206674253031,0.19015661903332315,0.6094926609380485,0.015484246219602897,0.07646449524501515,0.015482066736836185,0.015486020087924733,0.01548206674917888,0.015482066741725788,0.015504217870969804,138.0
74,0.012083200373709614,0.012081602161323183,0.879175037911188,0.01208415638977036,0.012082159003476176,0.012081776060357464,0.012081602156901197,0.01208343903997607,0.012081602157426506,0.012081602159881868,0.012083822585989662,265.0
75,0.017956596396237652,0.017955850249532553,0.820434228713839,0.017959289753528958,0.017956734674849307,0.017955850080231466,0.01795585024377738,0.01795757286193806,0.01795585024530997,0.017955850245883753,0.01795632653487208,202.0
76,0.015432967221669135,0.015431276836073392,0.8456756557488874,0.01543388373914204,0.015432634084693087,0.015431276619017022,0.015431276829760492,0.015432687753961078,0.015431276829901152,0.015431276837811822,0.015435787499083416,406.0
77,0.011904517022905445,0.011902604648329962,0.5477110345716766,0.011903562866322076,0.011903662680226005,0.011902670653621505,0.01190260464493492,0.01190394221806685,0.011902604644808362,0.011902604645994274,0.34516019140311405,371.0
78,0.017732945060938102,0.017729091141685832,0.017732758319875374,0.017730394893574537,0.017730535284933038,0.017729098718506652,0.017729091133460714,0.8226970794648356,0.017729091135864405,0.01772909113552669,0.01773082371079897,115.0
79,0.01539193677777737,0.015389078453137856,0.8461005334387044,0.015390229785402996,0.015390416664825888,0.015389078229084786,0.015389078445994847,0.015391588926964189,0.015389078447475042,0.015389078450695527,0.01538990237993693,216.0
80,0.26476483960923336,0.014713469673449952,0.6028076071044525,0.014714677146468267,0.014715157454522135,0.014713780314358594,0.01471346966617854,0.014715345706135415,0.014713469666265971,0.014713469667581127,0.014714713991354276,334.0
81,0.011848654513344815,0.011847960075511076,0.5518304817043811,0.011851488820838623,0.011848910666265235,0.011849170264257325,0.011847960071311836,0.3415308408204269,0.011847960072624715,0.011847960074309508,0.011848612916728913,372.0
82,0.013917201143808827,0.013916933423761692,0.3443480174248824,0.5303915898637044,0.013918264678498752,0.013916955894876048,0.013916933415919618,0.013919788104975723,0.013916933420077077,0.013916933419168925,0.013920449210326622,324.0
83,0.011532958852253082,0.011528568017553479,0.5228383926297232,0.01152988701506635,0.011529861410372686,0.011528567781120456,0.011528568009435417,0.011530996555337078,0.011528568011692417,0.011528568011797118,0.37339506370564873,342.0
84,0.011050813765429759,0.011048188138170214,0.8895064764316596,0.011048916298478113,0.011049259938003628,0.011052045247392844,0.011048188131718878,0.011050851974747932,0.011048188132735545,0.011048188138175189,0.011048883803488346,416.0
85,0.016092838234700525,0.01606984154385515,0.016076094426389752,0.01607171569243258,0.21356017344264214,0.016070490007408254,0.016069841515500494,0.016078509072389325,0.01606984152293912,0.016069841527606085,0.6417708130141365,119.0
86,0.31573795023433965,0.015490607508932192,0.01549354109097702,0.015491852099077962,0.015492048735909295,0.01549060724387127,0.015490607503056869,0.5448377075455588,0.015490607505035267,0.015490607509601625,0.015493863023640114,143.0
87,0.5348982371486541,0.016606503916122693,0.3156316281358999,0.016608974648320698,0.01661220443248133,0.016606503489447328,0.016606503907743785,0.016609551954210936,0.016606503907852465,0.016606503909431528,0.01660688454983527,134.0
88,0.14136577473179612,0.010153240648838711,0.7672498439541218,0.010154243226040372,0.010154954986597499,0.01015324256128582,0.010153240643823641,0.010155161702894542,0.010153240645180127,0.010153240648172086,0.010153816251249143,870.0
89,0.26360037930852454,0.014426689898687431,0.606554451462764,0.014427858165343288,0.01442786088136112,0.01442668970616662,0.014426689893259702,0.014428843516895622,0.014426689896259512,0.01442668990144545,0.014427157369292606,239.0
90,0.01013541323636146,0.010132353937836775,0.898662073563351,0.010133066853037196,0.010140613116718333,0.010132387066322211,0.01013235392516333,0.010133935990468553,0.01013235392493034,0.010132353927408407,0.010133094458402039,445.0
91,0.01228203226647642,0.012279569824448422,0.3359180442369191,0.01228046681534519,0.012281559643393456,0.012280242763315897,0.012279569817491827,0.5535589264103113,0.012279569818195037,0.01227956982424386,0.01228044857985951,408.0
92,0.17951687251582557,0.011641839560155093,0.7156993773961559,0.011642942211112107,0.011642993414551139,0.011642016746745568,0.011641839553798104,0.011643311822849918,0.011641839554682345,0.011641839558969415,0.011645127665154844,572.0
93,0.37807043533678325,0.012319959609528084,0.5110452723414376,0.0123208985881241,0.012321460698979523,0.012319959437048417,0.012319959604868454,0.012321521935359608,0.012319959605730698,0.01231995960915208,0.012320613232988293,488.0
94,0.018216365605973565,0.01821411485364634,0.8178494688528541,0.018215136978268914,0.018216315383559438,0.018214250552649424,0.018214114847484208,0.018216052262487382,0.01821411484813668,0.018214114850433692,0.018215950964506185,184.0
95,0.01704235428317842,0.017042105400507514,0.8295643503616841,0.017049554943540882,0.017043723540561412,0.017043157999606432,0.017042105395005485,0.017045744332754513,0.017042105397787714,0.017042105396544646,0.017042692948828722,396.0
96,0.012627971771348882,0.012627410343752364,0.8737205732658643,0.01262910361050293,0.012628432802882256,0.01262741017065088,0.01262741034060777,0.012629097478907315,0.012627410341013516,0.01262741034274297,0.012627769531726745,227.0
97,0.012510609086934783,0.012510215475522649,0.8748876543325931,0.012513876739260485,0.012511553106669921,0.01251053914751976,0.012510215469190879,0.012512094313929455,0.012510215469804452,0.012510215470647325,0.012512811387927055,245.0
98,0.011350712250962248,0.01134994474776733,0.8864952981650385,0.01135128030444576,0.01135125685523894,0.011350201961274746,0.011349944745043696,0.011351200374328727,0.011349944745875433,0.011349944746445342,0.011350271103579309,422.0
99,0.011869128445882945,0.011868829872267804,0.8813069668715778,0.011869839366711469,0.011870133635750598,0.011869040951243937,0.01186882986896947,0.011870129000877739,0.01186882986998072,0.011868829870056621,0.011869442246680887,510.0
100,0.011825791112522405,0.011825584705336718,0.011826808372149882,0.011827839654951768,0.01182757303484761,0.011825649546154773,0.011825584701479687,0.8817346211635692,0.011825584700170587,0.011825584699655766,0.01182937830916162,349.0
101,0.013234966016875639,0.013234523968161731,0.8676453544509996,0.013238391897468577,0.013235435606225069,0.013235255257724053,0.013234523963532833,0.01323669065189798,0.013234523965288295,0.01323452396526333,0.013235810256563063,264.0
102,0.23150141336510863,0.015519866702937212,0.6288133923146715,0.0155209153057183,0.015520857984260943,0.015519971459884652,0.015519866678939408,0.015521816776942745,0.01551986667932911,0.015519866680920601,0.01552216605128692,239.0
103,0.015311659574382916,0.015307432427834201,0.03554863860447826,0.5882973874790783,0.015311232443327681,0.015307631881720431,0.01530743225412832,0.015319096880006197,0.015307432237071827,0.015307432158867398,0.25367462405910435,200.0
104,0.012213921638706318,0.012213807298809259,0.8778566833401478,0.012215031258158595,0.012214726335891424,0.012213807142148968,0.01221380729392281,0.012215042248119482,0.012213807294498884,0.01221380729582892,0.012215558853767652,436.0
105,0.01426995613036474,0.014269647531850716,0.014272048102414506,0.014272195638066473,0.01427178436578687,0.014269716561170364,0.014269647518159836,0.34678988538322203,0.014269647519251697,0.014269647521062313,0.5247758237286505,207.0
106,0.016254069784035537,0.016246180720026333,0.8375232464061135,0.016247202428311038,0.016249145754435743,0.01624618049634331,0.016246180703608462,0.016248272854529042,0.016246180700019416,0.01624618070213023,0.016247159450447305,105.0
107,0.016473883001525202,0.016473494733645136,0.4349617969115474,0.016477372685548025,0.016476564555885566,0.016473494455830077,0.016473494721501745,0.41676669775355657,0.01647349472366211,0.01647349472470343,0.016476211732594843,126.0
108,0.012329045369037119,0.012322627747733487,0.012325697294438108,0.012323714102158455,0.012323504559343338,0.012322889117097263,0.012322627738474421,0.8767576302144048,0.012322627744654284,0.012322627745441092,0.012327008367217687,313.0
109,0.014280564424477477,0.014280198803626461,0.01428203656117364,0.014282062801117316,0.014281642980978084,0.014280535514692695,0.014280198797116853,0.857190837650188,0.014280198797989583,0.014280198801218873,0.01428152486742094,224.0
110,0.26793445761152984,0.011626943542873538,0.6274066729312213,0.011628186786366863,0.011633199845902357,0.01162698448483995,0.011626943520935643,0.011628996341112153,0.01162694352030233,0.011626943521093577,0.011633727893822322,481.0
111,0.014395623210674634,0.01439451948565895,0.8560488794564778,0.014395732920781406,0.014395346974474237,0.014394682864774442,0.014394519481747171,0.014395765438289446,0.014394519482409468,0.014394519483596498,0.014395891201115785,413.0
112,0.3544897133114758,0.015169614653852212,0.5089764778919078,0.015171469581935132,0.015170791133339658,0.015169614416673286,0.015169614644019102,0.015171798464277702,0.015169614645385548,0.015169614649318453,0.015171676607815359,308.0
113,0.18539279480371568,0.009426906882627402,0.7297605859449414,0.009427878185961648,0.009428079834073674,0.009427069602425705,0.009426906878851832,0.009428359536551231,0.009426906879794375,0.009426906882874966,0.009427604568182327,709.0
114,0.014985505905605793,0.014985464219104074,0.8501414421698148,0.0149864028646657,0.014985985367148331,0.014985464074442704,0.014985464215062647,0.014986593873950405,0.014985464215869779,0.014985464216724587,0.014986748877611351,148.0
115,0.017569545114095027,0.017569375247613393,0.01757204306735388,0.017571081446732462,0.017571478846575773,0.017571483919284554,0.017569375241970202,0.8242947753371445,0.017569375245517993,0.017569375243579845,0.017572091290132378,132.0
116,0.016213245310570952,0.016211508971093854,0.01621466932681028,0.016213792505610662,0.016212152832282233,0.01621261200497241,0.016211508963041354,0.8378685717769498,0.01621150896439259,0.016211508965645195,0.016218920378630625,335.0
117,0.013644771300315361,0.013644539936641985,0.8635428044283324,0.013652053992134473,0.013645429670821788,0.013645145674875216,0.013644539932886146,0.013646672053270404,0.01364453993707824,0.013644539934064807,0.013644963139579046,157.0
118,0.019012311447034733,0.019011317923023796,0.019013796554786862,0.019013108429494212,0.019012976018102628,0.019011317642119493,0.0190113179175216,0.8098791881724485,0.01901131791846025,0.0190113179394677,0.019012030037540453,230.0
119,0.01731518717906308,0.017315103439523128,0.8268444487989776,0.01731667054355865,0.017316065622421592,0.01731510326259533,0.017315103436968043,0.017316573453998608,0.017315103437983002,0.017315103440256756,0.01731553738465442,196.0
120,0.011303194498023873,0.011302626627087824,0.8869667507812425,0.011304240179397919,0.01130491646359985,0.011302832104803642,0.01130262662361156,0.011304322487403155,0.011302626626302686,0.011302626625370155,0.011303236983156892,337.0
121,0.00937630223362822,0.009375815679591285,0.0336718953256634,0.009377656171524166,0.8819296483882458,0.009375850418373443,0.00937581566956639,0.009382285480376397,0.009375815670525221,0.009375815672189891,0.009383099290315833,572.0
122,0.010193561957783617,0.010193291014623638,0.010194762514352383,0.010194715945040286,0.5392292601982787,0.010193847093908722,0.010193291010810146,0.3690252529100139,0.010193291012155162,0.01019329101236731,0.010195435330666367,647.0
123,0.01169758537992203,0.0116971583332028,0.8830224936905119,0.01169817965337225,0.011698540079332194,0.011697476505529275,0.011697158329448187,0.011698903234397352,0.01169715833090062,0.011697158331215714,0.011698188132167638,282.0
124,0.01330303675172097,0.013302651658088858,0.013303855550672542,0.013303340270512764,0.8669687293641084,0.013302651502309219,0.013302651652570475,0.01330383256072144,0.013302651654450335,0.013302651655050958,0.013303947379793981,389.0
125,0.010771271102358359,0.010771108378750652,0.010772048884270044,0.010771667827438127,0.89228584773595,0.010771192995877348,0.010771108375602224,0.010772053858554096,0.010771108376179462,0.010771108376687311,0.010771484088332504,558.0
126,0.013733302141363713,0.01373257085265661,0.013734312019545015,0.8626592427017062,0.013737870879561477,0.013732637151258685,0.013732570846654248,0.013738030509754338,0.013732570849011659,0.013732570851132954,0.013734321197355227,314.0
127,0.01015797755171153,0.010157876328119953,0.010159544235991205,0.010158706621036833,0.6228886105484212,0.010157879199652099,0.010157876321379676,0.2856860044625247,0.010157876322070524,0.010157876324801479,0.010159772084291141,708.0
128,0.010936439360920544,0.010936308996585912,0.010937427687826492,0.5455636975695425,0.01093780176864092,0.010936337525439918,0.01093630899369972,0.35600640577561254,0.010936308994189455,0.01093630899592869,0.010936654331613449,519.0
129,0.01621125449624917,0.016210748076937363,0.6839671997028268,0.016212012120659553,0.1701319818074676,0.01621074784499786,0.016210748068799567,0.016212241485263536,0.016210748070508856,0.01621074807215084,0.01621157025413903,119.0
130,0.012461022719379726,0.012460562422434708,0.012461917260799583,0.012461000795431573,0.8753899569599755,0.012460562298970043,0.012460562418372468,0.012461484995997798,0.012460562418695004,0.012460562421660529,0.012461805288283232,599.0
131,0.01148327735578267,0.011482965659243038,0.011488118325680701,0.011516348130539613,0.8850661177495631,0.01148296259912264,0.011482965630194098,0.011513661083535067,0.011482965635466266,0.011482965625308643,0.011517652205564204,469.0
132,0.011791155281467965,0.011790903090052991,0.011792179581917249,0.11952762228570563,0.011792223398490002,0.011790929085269493,0.011790903087380511,0.7743509483393133,0.011790903087917954,0.01179090308852583,0.011791329673959124,499.0
133,0.010944731589411429,0.010944659193823468,0.010979570323236739,0.016939941961942182,0.8845003008375584,0.01094465168845118,0.010944659208445114,0.010966783737454926,0.010944659206960644,0.010944659223939699,0.010945383028776363,878.0
134,0.011132802470620816,0.01113268181899402,0.011141794158705337,0.8822854068617504,0.011134311380592695,0.011132763759990814,0.011132681350633148,0.017140814400669536,0.011132681345240883,0.01113268178989967,0.011501380662902717,773.0
135,0.012318470544887064,0.012318082706894398,0.012319122580993044,0.012321030078617264,0.31677216272228126,0.012319087528075397,0.012318082699994761,0.5723557119374285,0.012318082701678707,0.012318082701005833,0.012322083798143778,293.0
136,0.012902927343646382,0.0129022013811065,0.8709394613186136,0.012904506344636786,0.012904066507289634,0.012930660973438923,0.012902201377794931,0.012905734834475335,0.012902201386358713,0.01290220137930093,0.012903837153338312,604.0
137,0.013693646014471969,0.01369047638125887,0.013693920947923714,0.013693021070630262,0.3658560994199004,0.013690476098203891,0.013690476376747647,0.5109202567179933,0.013690476377125864,0.013690476383810754,0.013690674211933282,440.0
138,0.008247146183282164,0.008246356976841071,0.9175301005571146,0.00824742318733405,0.008247640420006905,0.008247892744335626,0.008246356974430928,0.008247471232340153,0.008246356975463198,0.008246356975419688,0.008246897773431667,1303.0
139,0.013514295348907863,0.013514181543953547,0.013514905231044197,0.013514738804557443,0.8648550731930541,0.01351422522418635,0.013514181541263699,0.013515575867884079,0.013514181542013169,0.013514181542123568,0.013514460161012008,751.0
140,0.013295414443264082,0.013294193927834132,0.8670510927417409,0.013294792560132645,0.013295571148385218,0.013294193766613846,0.013294193922377571,0.013296989152684733,0.013294193922855671,0.013294193924129054,0.013295170489982206,466.0
141,0.46250305006139186,0.011540231151562075,0.433627221632184,0.011541093322425037,0.011542992918846801,0.011540281946170992,0.011540231142549281,0.011542149696059708,0.011540231143587468,0.01154023114536402,0.011542285839858812,535.0
142,0.013767312241047703,0.013767070666089523,0.8623223753927005,0.013768745770715664,0.01376761404895678,0.013768101042782243,0.013767070662679801,0.013768874486018757,0.01376707066276007,0.013767070663691516,0.0137686943625575,225.0
143,0.01500369447427131,0.014998676071015734,0.8500013092886537,0.014999988886975492,0.014999894612075565,0.014999425452739775,0.014998676062756454,0.015000182719930243,0.014998676064194133,0.014998676071473106,0.015000800295914468,228.0
144,0.010590446618171356,0.010587082071124259,0.8941218541588961,0.01058799443387525,0.010587862413936614,0.010587189934556122,0.010587082069008295,0.010587988539738143,0.010587082069933513,0.010587082070759778,0.01058833562000068,645.0
145,0.26934534605454785,0.009021127120925614,0.6494577527252712,0.009021870770117792,0.009024473514840701,0.009021159982541752,0.009021127114666287,0.009022728349126524,0.009021127115598646,0.00902112711654879,0.00902216013581491,963.0
146,0.1470108072268658,0.013129551374419882,0.7348198872105259,0.013130601389703195,0.013130410179766069,0.013129551219227879,0.013129551370740547,0.013130643178619936,0.013129551371195336,0.013129551372348853,0.01312989410658653,369.0
147,0.011538106736895376,0.011534789317163823,0.8846412471456212,0.011536146041989543,0.011536574266180797,0.011535002416390418,0.011534789305423222,0.011538359410050325,0.011534789306403309,0.011534789307045327,0.011535406746836568,399.0
148,0.010735198646731333,0.010733257436437832,0.8926586770340121,0.010733984205398839,0.010734428593580212,0.010734635165938445,0.010733257431903676,0.010735101952946755,0.010733257434546922,0.010733257438041885,0.010734944660462015,393.0
149,0.017056056202572622,0.017055965779485302,0.5090076375210539,0.017056717475755215,0.017057536751964905,0.01705596555813864,0.017055965769841083,0.3374844389164893,0.017055965771405474,0.0170559657740047,0.01705778447928911,170.0
150,0.25813871638399594,0.011790822604688101,0.6357391234346625,0.011792035811394746,0.011792104689217061,0.011790822414986904,0.011790822600258084,0.011792271671846847,0.011790822600956563,0.011790822603673458,0.011791635184319804,425.0
151,0.013196758332366054,0.013195995255630144,0.8680354460100209,0.013196930040478602,0.013196876220969775,0.013195995106355246,0.013195995250197032,0.013197256855345282,0.013195995250667334,0.013195995252183883,0.013196756425785695,226.0
152,0.012306431735012538,0.012306230190788917,0.012308064187517388,0.012308440865603669,0.01230710485665872,0.012307129315034275,0.012306230186295623,0.8769300041875261,0.012306230186621681,0.012306230188967341,0.012307904099973776,476.0
153,0.018514194663078874,0.018513053866268548,0.7808840180755546,0.05248624859838745,0.018519954759103247,0.01851305305521719,0.01851305385877393,0.01851618976508775,0.01851305386141316,0.018513053862205274,0.018514125634909784,220.0
154,0.013886464024664162,0.013886177773786573,0.8611285178847249,0.013888311320254245,0.01388999438212362,0.0138863105978578,0.013886177768572464,0.013888396723462305,0.013886177769393358,0.013886177771599756,0.013887293983560896,380.0
155,0.014017295667820553,0.014015879955053191,0.8598322129141867,0.014018656940678283,0.014017468513982514,0.014015879878609677,0.01401587994934412,0.014017514420328189,0.01401587994922343,0.014015879959460945,0.014017451851312694,253.0
156,0.010944308292911653,0.010943153046401224,0.010951599431740526,0.010946077020478392,0.8905466096706908,0.010943398137661715,0.010943153036522607,0.010950000372609925,0.010943153042610823,0.01094315304299852,0.010945394905373851,637.0
157,0.012660334509396323,0.012659070687391645,0.8734021144724925,0.0126597668065999,0.012659988143440413,0.012659402658165122,0.012659070683188589,0.01266032800692941,0.012659070683970625,0.012659070685003335,0.012661782663422095,695.0
158,0.012186525710164887,0.012178158962755785,0.8782026923292812,0.012178684246543902,0.01218280588039717,0.012178158765451889,0.012178158951564598,0.012179364167793713,0.012178158951976546,0.012178158953923672,0.012179133080146476,469.0
159,0.013332729889465074,0.013332605194844582,0.013335120698624163,0.013333612327381682,0.8666669178878841,0.013332604972120613,0.01333260518892141,0.013334493942730606,0.013332605190839316,0.013332605191036146,0.013334099516152416,254.0
160,0.00975076259540582,0.009750522140976745,0.009751684294233015,0.00975144165497769,0.6837781861037238,0.009751892791532565,0.009750522135609058,0.2284625592880184,0.009750522136507166,0.00975052213791711,0.009751384721098566,822.0
161,0.01270765860695156,0.012707327527573111,0.012711639144636529,0.5435519842838747,0.3419654465651361,0.012711436617199904,0.012707327521745481,0.012721527511605263,0.012707327545476713,0.012707327536533567,0.012800997139266827,751.0
162,0.011296086715112666,0.011295027686023106,0.011297116054144542,0.011295670053292661,0.8870436640311827,0.011295027441330251,0.01129502767627654,0.011296833107384234,0.01129502767604201,0.011295027680206694,0.01129549187900457,541.0
163,0.012126433227048827,0.012126118626212205,0.012126776123179904,0.01212720898239396,0.8787348935694788,0.012126139441529868,0.012126118622963304,0.012127492929784836,0.012126118623224708,0.01212611862395519,0.012126581230228452,691.0
164,0.01463539470112239,0.014635231121064901,0.01463685044019071,0.014639609226419194,0.014636116801637632,0.01463543558233801,0.014635231118690039,0.8536387427087853,0.014635231123261289,0.014635231119270682,0.014636926057219798,209.0
165,0.013929157408228426,0.01360166531958354,0.02545016977550062,0.01360530181092856,0.8517991134939827,0.013601659094522744,0.013601664437082318,0.013605766628077871,0.013601664438127388,0.01360166452877757,0.013602173065188355,499.0
166,0.019958594041131268,0.013564079300208264,0.013590314095231362,0.013564728734425517,0.8579297175823554,0.013564100789242098,0.013564079288065722,0.013571076162708539,0.013564079294879199,0.013564079407570252,0.013565151304182413,604.0
167,0.014778484036458274,0.014778274254241785,0.852207557676496,0.014779508462781777,0.014784429108495386,0.014778274073522137,0.014778274249928846,0.014779591474467373,0.01477827425161615,0.01477827425194973,0.014779058160042475,251.0
